{
 "cells": [
  {
   "cell_type": "code",
   "execution_count": 14,
   "metadata": {},
   "outputs": [],
   "source": [
    "import numpy as np\n",
    "import pandas as pd \n",
    "import scipy as stats"
   ]
  },
  {
   "cell_type": "markdown",
   "metadata": {},
   "source": [
    "### loading dataset"
   ]
  },
  {
   "cell_type": "code",
   "execution_count": 15,
   "metadata": {},
   "outputs": [
    {
     "data": {
      "text/plain": [
       "array([[5.1, 3.5, 1.4, 0.2],\n",
       "       [4.9, 3. , 1.4, 0.2],\n",
       "       [4.7, 3.2, 1.3, 0.2],\n",
       "       [4.6, 3.1, 1.5, 0.2],\n",
       "       [5. , 3.6, 1.4, 0.2],\n",
       "       [5.4, 3.9, 1.7, 0.4],\n",
       "       [4.6, 3.4, 1.4, 0.3],\n",
       "       [5. , 3.4, 1.5, 0.2],\n",
       "       [4.4, 2.9, 1.4, 0.2],\n",
       "       [4.9, 3.1, 1.5, 0.1],\n",
       "       [5.4, 3.7, 1.5, 0.2],\n",
       "       [4.8, 3.4, 1.6, 0.2],\n",
       "       [4.8, 3. , 1.4, 0.1],\n",
       "       [4.3, 3. , 1.1, 0.1],\n",
       "       [5.8, 4. , 1.2, 0.2],\n",
       "       [5.7, 4.4, 1.5, 0.4],\n",
       "       [5.4, 3.9, 1.3, 0.4],\n",
       "       [5.1, 3.5, 1.4, 0.3],\n",
       "       [5.7, 3.8, 1.7, 0.3],\n",
       "       [5.1, 3.8, 1.5, 0.3],\n",
       "       [5.4, 3.4, 1.7, 0.2],\n",
       "       [5.1, 3.7, 1.5, 0.4],\n",
       "       [4.6, 3.6, 1. , 0.2],\n",
       "       [5.1, 3.3, 1.7, 0.5],\n",
       "       [4.8, 3.4, 1.9, 0.2],\n",
       "       [5. , 3. , 1.6, 0.2],\n",
       "       [5. , 3.4, 1.6, 0.4],\n",
       "       [5.2, 3.5, 1.5, 0.2],\n",
       "       [5.2, 3.4, 1.4, 0.2],\n",
       "       [4.7, 3.2, 1.6, 0.2],\n",
       "       [4.8, 3.1, 1.6, 0.2],\n",
       "       [5.4, 3.4, 1.5, 0.4],\n",
       "       [5.2, 4.1, 1.5, 0.1],\n",
       "       [5.5, 4.2, 1.4, 0.2],\n",
       "       [4.9, 3.1, 1.5, 0.1],\n",
       "       [5. , 3.2, 1.2, 0.2],\n",
       "       [5.5, 3.5, 1.3, 0.2],\n",
       "       [4.9, 3.1, 1.5, 0.1],\n",
       "       [4.4, 3. , 1.3, 0.2],\n",
       "       [5.1, 3.4, 1.5, 0.2],\n",
       "       [5. , 3.5, 1.3, 0.3],\n",
       "       [4.5, 2.3, 1.3, 0.3],\n",
       "       [4.4, 3.2, 1.3, 0.2],\n",
       "       [5. , 3.5, 1.6, 0.6],\n",
       "       [5.1, 3.8, 1.9, 0.4],\n",
       "       [4.8, 3. , 1.4, 0.3],\n",
       "       [5.1, 3.8, 1.6, 0.2],\n",
       "       [4.6, 3.2, 1.4, 0.2],\n",
       "       [5.3, 3.7, 1.5, 0.2],\n",
       "       [5. , 3.3, 1.4, 0.2],\n",
       "       [7. , 3.2, 4.7, 1.4],\n",
       "       [6.4, 3.2, 4.5, 1.5],\n",
       "       [6.9, 3.1, 4.9, 1.5],\n",
       "       [5.5, 2.3, 4. , 1.3],\n",
       "       [6.5, 2.8, 4.6, 1.5],\n",
       "       [5.7, 2.8, 4.5, 1.3],\n",
       "       [6.3, 3.3, 4.7, 1.6],\n",
       "       [4.9, 2.4, 3.3, 1. ],\n",
       "       [6.6, 2.9, 4.6, 1.3],\n",
       "       [5.2, 2.7, 3.9, 1.4],\n",
       "       [5. , 2. , 3.5, 1. ],\n",
       "       [5.9, 3. , 4.2, 1.5],\n",
       "       [6. , 2.2, 4. , 1. ],\n",
       "       [6.1, 2.9, 4.7, 1.4],\n",
       "       [5.6, 2.9, 3.6, 1.3],\n",
       "       [6.7, 3.1, 4.4, 1.4],\n",
       "       [5.6, 3. , 4.5, 1.5],\n",
       "       [5.8, 2.7, 4.1, 1. ],\n",
       "       [6.2, 2.2, 4.5, 1.5],\n",
       "       [5.6, 2.5, 3.9, 1.1],\n",
       "       [5.9, 3.2, 4.8, 1.8],\n",
       "       [6.1, 2.8, 4. , 1.3],\n",
       "       [6.3, 2.5, 4.9, 1.5],\n",
       "       [6.1, 2.8, 4.7, 1.2],\n",
       "       [6.4, 2.9, 4.3, 1.3],\n",
       "       [6.6, 3. , 4.4, 1.4],\n",
       "       [6.8, 2.8, 4.8, 1.4],\n",
       "       [6.7, 3. , 5. , 1.7],\n",
       "       [6. , 2.9, 4.5, 1.5],\n",
       "       [5.7, 2.6, 3.5, 1. ],\n",
       "       [5.5, 2.4, 3.8, 1.1],\n",
       "       [5.5, 2.4, 3.7, 1. ],\n",
       "       [5.8, 2.7, 3.9, 1.2],\n",
       "       [6. , 2.7, 5.1, 1.6],\n",
       "       [5.4, 3. , 4.5, 1.5],\n",
       "       [6. , 3.4, 4.5, 1.6],\n",
       "       [6.7, 3.1, 4.7, 1.5],\n",
       "       [6.3, 2.3, 4.4, 1.3],\n",
       "       [5.6, 3. , 4.1, 1.3],\n",
       "       [5.5, 2.5, 4. , 1.3],\n",
       "       [5.5, 2.6, 4.4, 1.2],\n",
       "       [6.1, 3. , 4.6, 1.4],\n",
       "       [5.8, 2.6, 4. , 1.2],\n",
       "       [5. , 2.3, 3.3, 1. ],\n",
       "       [5.6, 2.7, 4.2, 1.3],\n",
       "       [5.7, 3. , 4.2, 1.2],\n",
       "       [5.7, 2.9, 4.2, 1.3],\n",
       "       [6.2, 2.9, 4.3, 1.3],\n",
       "       [5.1, 2.5, 3. , 1.1],\n",
       "       [5.7, 2.8, 4.1, 1.3],\n",
       "       [6.3, 3.3, 6. , 2.5],\n",
       "       [5.8, 2.7, 5.1, 1.9],\n",
       "       [7.1, 3. , 5.9, 2.1],\n",
       "       [6.3, 2.9, 5.6, 1.8],\n",
       "       [6.5, 3. , 5.8, 2.2],\n",
       "       [7.6, 3. , 6.6, 2.1],\n",
       "       [4.9, 2.5, 4.5, 1.7],\n",
       "       [7.3, 2.9, 6.3, 1.8],\n",
       "       [6.7, 2.5, 5.8, 1.8],\n",
       "       [7.2, 3.6, 6.1, 2.5],\n",
       "       [6.5, 3.2, 5.1, 2. ],\n",
       "       [6.4, 2.7, 5.3, 1.9],\n",
       "       [6.8, 3. , 5.5, 2.1],\n",
       "       [5.7, 2.5, 5. , 2. ],\n",
       "       [5.8, 2.8, 5.1, 2.4],\n",
       "       [6.4, 3.2, 5.3, 2.3],\n",
       "       [6.5, 3. , 5.5, 1.8],\n",
       "       [7.7, 3.8, 6.7, 2.2],\n",
       "       [7.7, 2.6, 6.9, 2.3],\n",
       "       [6. , 2.2, 5. , 1.5],\n",
       "       [6.9, 3.2, 5.7, 2.3],\n",
       "       [5.6, 2.8, 4.9, 2. ],\n",
       "       [7.7, 2.8, 6.7, 2. ],\n",
       "       [6.3, 2.7, 4.9, 1.8],\n",
       "       [6.7, 3.3, 5.7, 2.1],\n",
       "       [7.2, 3.2, 6. , 1.8],\n",
       "       [6.2, 2.8, 4.8, 1.8],\n",
       "       [6.1, 3. , 4.9, 1.8],\n",
       "       [6.4, 2.8, 5.6, 2.1],\n",
       "       [7.2, 3. , 5.8, 1.6],\n",
       "       [7.4, 2.8, 6.1, 1.9],\n",
       "       [7.9, 3.8, 6.4, 2. ],\n",
       "       [6.4, 2.8, 5.6, 2.2],\n",
       "       [6.3, 2.8, 5.1, 1.5],\n",
       "       [6.1, 2.6, 5.6, 1.4],\n",
       "       [7.7, 3. , 6.1, 2.3],\n",
       "       [6.3, 3.4, 5.6, 2.4],\n",
       "       [6.4, 3.1, 5.5, 1.8],\n",
       "       [6. , 3. , 4.8, 1.8],\n",
       "       [6.9, 3.1, 5.4, 2.1],\n",
       "       [6.7, 3.1, 5.6, 2.4],\n",
       "       [6.9, 3.1, 5.1, 2.3],\n",
       "       [5.8, 2.7, 5.1, 1.9],\n",
       "       [6.8, 3.2, 5.9, 2.3],\n",
       "       [6.7, 3.3, 5.7, 2.5],\n",
       "       [6.7, 3. , 5.2, 2.3],\n",
       "       [6.3, 2.5, 5. , 1.9],\n",
       "       [6.5, 3. , 5.2, 2. ],\n",
       "       [6.2, 3.4, 5.4, 2.3],\n",
       "       [5.9, 3. , 5.1, 1.8]])"
      ]
     },
     "metadata": {},
     "output_type": "display_data"
    },
    {
     "data": {
      "text/plain": [
       "array([0, 0, 0, 0, 0, 0, 0, 0, 0, 0, 0, 0, 0, 0, 0, 0, 0, 0, 0, 0, 0, 0,\n",
       "       0, 0, 0, 0, 0, 0, 0, 0, 0, 0, 0, 0, 0, 0, 0, 0, 0, 0, 0, 0, 0, 0,\n",
       "       0, 0, 0, 0, 0, 0, 1, 1, 1, 1, 1, 1, 1, 1, 1, 1, 1, 1, 1, 1, 1, 1,\n",
       "       1, 1, 1, 1, 1, 1, 1, 1, 1, 1, 1, 1, 1, 1, 1, 1, 1, 1, 1, 1, 1, 1,\n",
       "       1, 1, 1, 1, 1, 1, 1, 1, 1, 1, 1, 1, 2, 2, 2, 2, 2, 2, 2, 2, 2, 2,\n",
       "       2, 2, 2, 2, 2, 2, 2, 2, 2, 2, 2, 2, 2, 2, 2, 2, 2, 2, 2, 2, 2, 2,\n",
       "       2, 2, 2, 2, 2, 2, 2, 2, 2, 2, 2, 2, 2, 2, 2, 2, 2, 2])"
      ]
     },
     "metadata": {},
     "output_type": "display_data"
    }
   ],
   "source": [
    "dataset = pd.read_csv('iris.csv')  \n",
    "\n",
    "X = dataset.iloc[:,1:-1].values\n",
    "y = dataset.iloc[:,-1].values\n",
    "from sklearn.preprocessing import LabelEncoder\n",
    "le = LabelEncoder()\n",
    "y = le.fit_transform(y)\n",
    "\n",
    "display(X)\n",
    "display(y)"
   ]
  },
  {
   "cell_type": "markdown",
   "metadata": {},
   "source": [
    "## Choose one random sample from each class (Setosa, Versicolor, and Virginica) which will act as the test data."
   ]
  },
  {
   "cell_type": "code",
   "execution_count": 16,
   "metadata": {},
   "outputs": [
    {
     "name": "stdout",
     "output_type": "stream",
     "text": [
      "X_test_indices [38, 55, 100]\n",
      "X_train [[5.1 3.5 1.4 0.2]\n",
      " [4.9 3.  1.4 0.2]\n",
      " [4.7 3.2 1.3 0.2]\n",
      " [4.6 3.1 1.5 0.2]\n",
      " [5.  3.6 1.4 0.2]\n",
      " [5.4 3.9 1.7 0.4]\n",
      " [4.6 3.4 1.4 0.3]\n",
      " [5.  3.4 1.5 0.2]\n",
      " [4.4 2.9 1.4 0.2]\n",
      " [4.9 3.1 1.5 0.1]\n",
      " [5.4 3.7 1.5 0.2]\n",
      " [4.8 3.4 1.6 0.2]\n",
      " [4.8 3.  1.4 0.1]\n",
      " [4.3 3.  1.1 0.1]\n",
      " [5.8 4.  1.2 0.2]\n",
      " [5.7 4.4 1.5 0.4]\n",
      " [5.4 3.9 1.3 0.4]\n",
      " [5.1 3.5 1.4 0.3]\n",
      " [5.7 3.8 1.7 0.3]\n",
      " [5.1 3.8 1.5 0.3]\n",
      " [5.4 3.4 1.7 0.2]\n",
      " [5.1 3.7 1.5 0.4]\n",
      " [4.6 3.6 1.  0.2]\n",
      " [5.1 3.3 1.7 0.5]\n",
      " [4.8 3.4 1.9 0.2]\n",
      " [5.  3.  1.6 0.2]\n",
      " [5.  3.4 1.6 0.4]\n",
      " [5.2 3.5 1.5 0.2]\n",
      " [5.2 3.4 1.4 0.2]\n",
      " [4.7 3.2 1.6 0.2]\n",
      " [4.8 3.1 1.6 0.2]\n",
      " [5.4 3.4 1.5 0.4]\n",
      " [5.2 4.1 1.5 0.1]\n",
      " [5.5 4.2 1.4 0.2]\n",
      " [4.9 3.1 1.5 0.1]\n",
      " [5.  3.2 1.2 0.2]\n",
      " [5.5 3.5 1.3 0.2]\n",
      " [4.9 3.1 1.5 0.1]\n",
      " [5.1 3.4 1.5 0.2]\n",
      " [5.  3.5 1.3 0.3]\n",
      " [4.5 2.3 1.3 0.3]\n",
      " [4.4 3.2 1.3 0.2]\n",
      " [5.  3.5 1.6 0.6]\n",
      " [5.1 3.8 1.9 0.4]\n",
      " [4.8 3.  1.4 0.3]\n",
      " [5.1 3.8 1.6 0.2]\n",
      " [4.6 3.2 1.4 0.2]\n",
      " [5.3 3.7 1.5 0.2]\n",
      " [5.  3.3 1.4 0.2]\n",
      " [7.  3.2 4.7 1.4]\n",
      " [6.4 3.2 4.5 1.5]\n",
      " [6.9 3.1 4.9 1.5]\n",
      " [5.5 2.3 4.  1.3]\n",
      " [6.5 2.8 4.6 1.5]\n",
      " [6.3 3.3 4.7 1.6]\n",
      " [4.9 2.4 3.3 1. ]\n",
      " [6.6 2.9 4.6 1.3]\n",
      " [5.2 2.7 3.9 1.4]\n",
      " [5.  2.  3.5 1. ]\n",
      " [5.9 3.  4.2 1.5]\n",
      " [6.  2.2 4.  1. ]\n",
      " [6.1 2.9 4.7 1.4]\n",
      " [5.6 2.9 3.6 1.3]\n",
      " [6.7 3.1 4.4 1.4]\n",
      " [5.6 3.  4.5 1.5]\n",
      " [5.8 2.7 4.1 1. ]\n",
      " [6.2 2.2 4.5 1.5]\n",
      " [5.6 2.5 3.9 1.1]\n",
      " [5.9 3.2 4.8 1.8]\n",
      " [6.1 2.8 4.  1.3]\n",
      " [6.3 2.5 4.9 1.5]\n",
      " [6.1 2.8 4.7 1.2]\n",
      " [6.4 2.9 4.3 1.3]\n",
      " [6.6 3.  4.4 1.4]\n",
      " [6.8 2.8 4.8 1.4]\n",
      " [6.7 3.  5.  1.7]\n",
      " [6.  2.9 4.5 1.5]\n",
      " [5.7 2.6 3.5 1. ]\n",
      " [5.5 2.4 3.8 1.1]\n",
      " [5.5 2.4 3.7 1. ]\n",
      " [5.8 2.7 3.9 1.2]\n",
      " [6.  2.7 5.1 1.6]\n",
      " [5.4 3.  4.5 1.5]\n",
      " [6.  3.4 4.5 1.6]\n",
      " [6.7 3.1 4.7 1.5]\n",
      " [6.3 2.3 4.4 1.3]\n",
      " [5.6 3.  4.1 1.3]\n",
      " [5.5 2.5 4.  1.3]\n",
      " [5.5 2.6 4.4 1.2]\n",
      " [6.1 3.  4.6 1.4]\n",
      " [5.8 2.6 4.  1.2]\n",
      " [5.  2.3 3.3 1. ]\n",
      " [5.6 2.7 4.2 1.3]\n",
      " [5.7 3.  4.2 1.2]\n",
      " [5.7 2.9 4.2 1.3]\n",
      " [6.2 2.9 4.3 1.3]\n",
      " [5.1 2.5 3.  1.1]\n",
      " [5.7 2.8 4.1 1.3]\n",
      " [5.8 2.7 5.1 1.9]\n",
      " [7.1 3.  5.9 2.1]\n",
      " [6.3 2.9 5.6 1.8]\n",
      " [6.5 3.  5.8 2.2]\n",
      " [7.6 3.  6.6 2.1]\n",
      " [4.9 2.5 4.5 1.7]\n",
      " [7.3 2.9 6.3 1.8]\n",
      " [6.7 2.5 5.8 1.8]\n",
      " [7.2 3.6 6.1 2.5]\n",
      " [6.5 3.2 5.1 2. ]\n",
      " [6.4 2.7 5.3 1.9]\n",
      " [6.8 3.  5.5 2.1]\n",
      " [5.7 2.5 5.  2. ]\n",
      " [5.8 2.8 5.1 2.4]\n",
      " [6.4 3.2 5.3 2.3]\n",
      " [6.5 3.  5.5 1.8]\n",
      " [7.7 3.8 6.7 2.2]\n",
      " [7.7 2.6 6.9 2.3]\n",
      " [6.  2.2 5.  1.5]\n",
      " [6.9 3.2 5.7 2.3]\n",
      " [5.6 2.8 4.9 2. ]\n",
      " [7.7 2.8 6.7 2. ]\n",
      " [6.3 2.7 4.9 1.8]\n",
      " [6.7 3.3 5.7 2.1]\n",
      " [7.2 3.2 6.  1.8]\n",
      " [6.2 2.8 4.8 1.8]\n",
      " [6.1 3.  4.9 1.8]\n",
      " [6.4 2.8 5.6 2.1]\n",
      " [7.2 3.  5.8 1.6]\n",
      " [7.4 2.8 6.1 1.9]\n",
      " [7.9 3.8 6.4 2. ]\n",
      " [6.4 2.8 5.6 2.2]\n",
      " [6.3 2.8 5.1 1.5]\n",
      " [6.1 2.6 5.6 1.4]\n",
      " [7.7 3.  6.1 2.3]\n",
      " [6.3 3.4 5.6 2.4]\n",
      " [6.4 3.1 5.5 1.8]\n",
      " [6.  3.  4.8 1.8]\n",
      " [6.9 3.1 5.4 2.1]\n",
      " [6.7 3.1 5.6 2.4]\n",
      " [6.9 3.1 5.1 2.3]\n",
      " [5.8 2.7 5.1 1.9]\n",
      " [6.8 3.2 5.9 2.3]\n",
      " [6.7 3.3 5.7 2.5]\n",
      " [6.7 3.  5.2 2.3]\n",
      " [6.3 2.5 5.  1.9]\n",
      " [6.5 3.  5.2 2. ]\n",
      " [6.2 3.4 5.4 2.3]\n",
      " [5.9 3.  5.1 1.8]]\n",
      "y_train [0 0 0 0 0 0 0 0 0 0 0 0 0 0 0 0 0 0 0 0 0 0 0 0 0 0 0 0 0 0 0 0 0 0 0 0 0\n",
      " 0 0 0 0 0 0 0 0 0 0 0 0 1 1 1 1 1 1 1 1 1 1 1 1 1 1 1 1 1 1 1 1 1 1 1 1 1\n",
      " 1 1 1 1 1 1 1 1 1 1 1 1 1 1 1 1 1 1 1 1 1 1 1 1 2 2 2 2 2 2 2 2 2 2 2 2 2\n",
      " 2 2 2 2 2 2 2 2 2 2 2 2 2 2 2 2 2 2 2 2 2 2 2 2 2 2 2 2 2 2 2 2 2 2 2 2]\n",
      "X_test [[4.4 3.  1.3 0.2]\n",
      " [5.7 2.8 4.5 1.3]\n",
      " [6.3 3.3 6.  2.5]]\n",
      "y_test [0 1 2]\n",
      "X_train shape: (147, 4)\n",
      "y_train shape: (147,)\n",
      "X_test shape: (3, 4)\n",
      "y_test shape: (3,)\n"
     ]
    }
   ],
   "source": [
    "\n",
    "# Separate data into different classes\n",
    "setosa_indices = np.where(y == 0)[0]\n",
    "versicolor_indices = np.where(y == 1)[0]\n",
    "virginica_indices = np.where(y == 2)[0]\n",
    "\n",
    "\n",
    "# Choose one random sample from each class for X_test\n",
    "setosa_test_index = np.random.choice(setosa_indices)\n",
    "versicolor_test_index = np.random.choice(versicolor_indices)\n",
    "virginica_test_index = np.random.choice(virginica_indices)\n",
    "\n",
    "# Combine the chosen indices for X_test\n",
    "X_test_indices = [setosa_test_index, versicolor_test_index, virginica_test_index]\n",
    "print(\"X_test_indices\",X_test_indices)\n",
    "\n",
    "# Create the X_test and y_test sets\n",
    "X_test = X[X_test_indices]\n",
    "y_test = y[X_test_indices]\n",
    "\n",
    "# Create the X_train and y_train sets using the remaining data\n",
    "X_train_indices = np.setdiff1d(np.arange(len(X)), X_test_indices)\n",
    "X_train = X[X_train_indices]\n",
    "y_train = y[X_train_indices]\n",
    "\n",
    "\n",
    "print(\"X_train\",X_train)\n",
    "print(\"y_train\",y_train)\n",
    "\n",
    "print(\"X_test\",X_test)\n",
    "print(\"y_test\",y_test)\n",
    "\n",
    "# Print the shapes of the sets\n",
    "print(\"X_train shape:\", X_train.shape)\n",
    "print(\"y_train shape:\", y_train.shape)\n",
    "print(\"X_test shape:\", X_test.shape)\n",
    "print(\"y_test shape:\", y_test.shape)\n"
   ]
  },
  {
   "cell_type": "markdown",
   "metadata": {},
   "source": [
    "## Compute the mean vector and covariance matrix for each class in the X_train"
   ]
  },
  {
   "cell_type": "code",
   "execution_count": 17,
   "metadata": {},
   "outputs": [
    {
     "name": "stdout",
     "output_type": "stream",
     "text": [
      "mean_vector of setosa:\n",
      " [5.01836735 3.42653061 1.46734694 0.24489796]\n",
      "covariance_mat of setosa:\n",
      " [[0.11903061 0.09700255 0.01436224 0.01019983]\n",
      " [0.09700255 0.1444898  0.01046769 0.01128401]\n",
      " [0.01436224 0.01046769 0.03016156 0.00566327]\n",
      " [0.01019983 0.01128401 0.00566327 0.01169218]]\n",
      "inv_cov of setosa:\n",
      " [[ 19.27578656 -12.41206619  -4.35933267  -2.72522079]\n",
      " [-12.41206619  15.52890475   1.43212753  -4.8526401 ]\n",
      " [ -4.35933267   1.43212753  37.70847186 -15.84382251]\n",
      " [ -2.72522079  -4.8526401  -15.84382251 100.26206658]]\n",
      "\n",
      "\n",
      "\n",
      "\n",
      "mean_vector of versicolor:\n",
      " [5.94081633 2.76938776 4.25510204 1.32653061]\n",
      "covariance_mat of versicolor:\n",
      " [[0.27079932 0.08710884 0.18791241 0.05681122]\n",
      " [0.08710884 0.1005017  0.08422194 0.04207908]\n",
      " [0.18791241 0.08422194 0.22419218 0.07475765]\n",
      " [0.05681122 0.04207908 0.07475765 0.03990646]]\n",
      "inv_cov of versicolor:\n",
      " [[  9.77031542  -3.84972796  -9.21463718   7.41218501]\n",
      " [ -3.84972796  19.44255263   2.48164733 -19.66947405]\n",
      " [ -9.21463718   2.48164733  20.64818975 -28.17941636]\n",
      " [  7.41218501 -19.66947405 -28.17941636  88.03599471]]\n",
      "\n",
      "\n",
      "\n",
      "\n",
      "mean_vector of virginica:\n",
      " [6.59387755 2.96734694 5.54285714 2.01632653]\n",
      "covariance_mat of virginica:\n",
      " [[0.4110034  0.09771259 0.31235119 0.05301871]\n",
      " [0.09771259 0.10391156 0.0697619  0.04533588]\n",
      " [0.31235119 0.0697619  0.30666667 0.04532738]\n",
      " [0.05301871 0.04533588 0.04532738 0.07222789]]\n",
      "inv_cov of virginica:\n",
      " [[ 11.83183067  -3.92492088 -11.28552675   0.86081373]\n",
      " [ -3.92492088  15.72758228   1.60175394  -7.99598218]\n",
      " [-11.28552675   1.60175394  14.67675289  -1.93182519]\n",
      " [  0.86081373  -7.99598218  -1.93182519  19.44443131]]\n"
     ]
    }
   ],
   "source": [
    "\n",
    "# Calculate the Mahalanobis distance for each sample in test\n",
    "mean_vector_setosa = np.mean(X_train[y_train == 0], axis=0)\n",
    "print(\"mean_vector of setosa:\\n\",mean_vector_setosa)\n",
    "cov_matrix_setosa = np.cov(X_train[y_train == 0], rowvar=False)\n",
    "print(\"covariance_mat of setosa:\\n\",cov_matrix_setosa)\n",
    "inv_cov_matrix_setosa = np.linalg.inv(cov_matrix_setosa)\n",
    "print(\"inv_cov of setosa:\\n\",inv_cov_matrix_setosa)\n",
    "\n",
    "print(\"\\n\\n\\n\")\n",
    "\n",
    "mean_vector_versicolor= np.mean(X_train[y_train == 1], axis=0)\n",
    "print(\"mean_vector of versicolor:\\n\",mean_vector_versicolor)\n",
    "cov_matrix_versicolor = np.cov(X_train[y_train == 1], rowvar=False)\n",
    "print(\"covariance_mat of versicolor:\\n\",cov_matrix_versicolor)\n",
    "inv_cov_matrix_versicolor = np.linalg.inv(cov_matrix_versicolor)\n",
    "print(\"inv_cov of versicolor:\\n\",inv_cov_matrix_versicolor)\n",
    "\n",
    "print(\"\\n\\n\\n\")\n",
    "\n",
    "mean_vector_virginica = np.mean(X_train[y_train == 2], axis=0)\n",
    "print(\"mean_vector of virginica:\\n\",mean_vector_virginica)\n",
    "cov_matrix_virginica = np.cov(X_train[y_train == 2], rowvar=False)\n",
    "print(\"covariance_mat of virginica:\\n\",cov_matrix_virginica)\n",
    "inv_cov_matrix_virginica = np.linalg.inv(cov_matrix_virginica)\n",
    "print(\"inv_cov of virginica:\\n\",inv_cov_matrix_virginica)\n",
    "\n"
   ]
  },
  {
   "cell_type": "markdown",
   "metadata": {},
   "source": [
    "## calculation of  mahalanobis distance of 'x_test' samples to corresponding distance to each class"
   ]
  },
  {
   "cell_type": "code",
   "execution_count": 18,
   "metadata": {},
   "outputs": [
    {
     "data": {
      "text/html": [
       "<div>\n",
       "<style scoped>\n",
       "    .dataframe tbody tr th:only-of-type {\n",
       "        vertical-align: middle;\n",
       "    }\n",
       "\n",
       "    .dataframe tbody tr th {\n",
       "        vertical-align: top;\n",
       "    }\n",
       "\n",
       "    .dataframe thead th {\n",
       "        text-align: right;\n",
       "    }\n",
       "</style>\n",
       "<table border=\"1\" class=\"dataframe\">\n",
       "  <thead>\n",
       "    <tr style=\"text-align: right;\">\n",
       "      <th></th>\n",
       "      <th>test_sample_1</th>\n",
       "      <th>test_sample_2</th>\n",
       "      <th>test_sample_3</th>\n",
       "    </tr>\n",
       "  </thead>\n",
       "  <tbody>\n",
       "    <tr>\n",
       "      <th>setosa_mahalanobis</th>\n",
       "      <td>1.906161</td>\n",
       "      <td>19.018705</td>\n",
       "      <td>30.518239</td>\n",
       "    </tr>\n",
       "    <tr>\n",
       "      <th>versicolor_mahalanobis</th>\n",
       "      <td>8.946463</td>\n",
       "      <td>1.886492</td>\n",
       "      <td>6.982940</td>\n",
       "    </tr>\n",
       "    <tr>\n",
       "      <th>virginica_mahalanobis</th>\n",
       "      <td>12.384471</td>\n",
       "      <td>3.236802</td>\n",
       "      <td>3.315570</td>\n",
       "    </tr>\n",
       "  </tbody>\n",
       "</table>\n",
       "</div>"
      ],
      "text/plain": [
       "                        test_sample_1  test_sample_2  test_sample_3\n",
       "setosa_mahalanobis           1.906161      19.018705      30.518239\n",
       "versicolor_mahalanobis       8.946463       1.886492       6.982940\n",
       "virginica_mahalanobis       12.384471       3.236802       3.315570"
      ]
     },
     "metadata": {},
     "output_type": "display_data"
    }
   ],
   "source": [
    "matrix = []\n",
    "mahalanobis_setosa = []\n",
    "mahalanobis_versicolor = []\n",
    "mahalanobis_virginica = []\n",
    "\n",
    "for row in X_test:\n",
    "    diff = row - mean_vector_setosa\n",
    "    mahalanobis_dist = np.sqrt(np.dot(np.dot(diff, inv_cov_matrix_setosa),diff.T))\n",
    "    mahalanobis_setosa.append(mahalanobis_dist)\n",
    "\n",
    "matrix.append(mahalanobis_setosa)\n",
    "\n",
    "for row in X_test:\n",
    "    diff = row - mean_vector_versicolor\n",
    "    mahalanobis_dist = np.sqrt(np.dot(np.dot(diff, inv_cov_matrix_versicolor),diff.T))\n",
    "    mahalanobis_versicolor.append(mahalanobis_dist)\n",
    "\n",
    "matrix.append(mahalanobis_versicolor)\n",
    "\n",
    "for row in X_test:\n",
    "    diff = row - mean_vector_virginica\n",
    "    mahalanobis_dist = np.sqrt(np.dot(np.dot(diff, inv_cov_matrix_virginica),diff.T))\n",
    "    mahalanobis_virginica.append(mahalanobis_dist)\n",
    "\n",
    "matrix.append(mahalanobis_virginica)\n",
    "\n",
    "\n",
    "# Define row names\n",
    "row_names = ['setosa_mahalanobis', 'versicolor_mahalanobis', 'virginica_mahalanobis']\n",
    "\n",
    "# Define column names\n",
    "column_names = ['test_sample_1', 'test_sample_2', 'test_sample_3']\n",
    "\n",
    "# Create a DataFrame from the matrix\n",
    "df = pd.DataFrame(matrix, columns=column_names, index=row_names)\n",
    "\n",
    "# Print the DataFrame(df)\n",
    "display(df)"
   ]
  },
  {
   "cell_type": "markdown",
   "metadata": {},
   "source": [
    "## Compare the Mahalanobis distances for the three samples and classify each sample to the class with the smallest Mahalanobis distance.\n"
   ]
  },
  {
   "cell_type": "code",
   "execution_count": 19,
   "metadata": {},
   "outputs": [
    {
     "name": "stdout",
     "output_type": "stream",
     "text": [
      "Indices of minimum values in each column (y_pred) : [0, 1, 2]\n"
     ]
    }
   ],
   "source": [
    "\n",
    "\n",
    "# Initialize a list to store the indices of minimum values in each column\n",
    "y_pred = []\n",
    "maha = []\n",
    "\n",
    "# Get the number of columns in the matrix\n",
    "num_columns = len(matrix[0])\n",
    "\n",
    "for col in range(num_columns):\n",
    "    min_value = matrix[0][col]\n",
    "    min_index = 0\n",
    "\n",
    "    # Loop through each row in the column\n",
    "    for row in range(1, len(matrix)):\n",
    "        if matrix[row][col] < min_value:\n",
    "            min_value = matrix[row][col]\n",
    "            min_index = row\n",
    "    \n",
    "    y_pred.append(min_index)\n",
    "    maha.append(min_value)\n",
    "\n",
    "# Print the indices of minimum values in each column\n",
    "print(\"Indices of minimum values in each column (y_pred) :\", y_pred)\n"
   ]
  },
  {
   "cell_type": "markdown",
   "metadata": {},
   "source": [
    "## Print the original class and the predicted class for each sample, along with their Mahalanobis distances.\n"
   ]
  },
  {
   "cell_type": "code",
   "execution_count": 29,
   "metadata": {},
   "outputs": [
    {
     "data": {
      "text/html": [
       "<div>\n",
       "<style scoped>\n",
       "    .dataframe tbody tr th:only-of-type {\n",
       "        vertical-align: middle;\n",
       "    }\n",
       "\n",
       "    .dataframe tbody tr th {\n",
       "        vertical-align: top;\n",
       "    }\n",
       "\n",
       "    .dataframe thead th {\n",
       "        text-align: right;\n",
       "    }\n",
       "</style>\n",
       "<table border=\"1\" class=\"dataframe\">\n",
       "  <thead>\n",
       "    <tr style=\"text-align: right;\">\n",
       "      <th></th>\n",
       "      <th>test_sample_1</th>\n",
       "      <th>test_sample_2</th>\n",
       "      <th>test_sample_3</th>\n",
       "    </tr>\n",
       "  </thead>\n",
       "  <tbody>\n",
       "    <tr>\n",
       "      <th>y_test</th>\n",
       "      <td>0.000000</td>\n",
       "      <td>1.000000</td>\n",
       "      <td>2.00000</td>\n",
       "    </tr>\n",
       "    <tr>\n",
       "      <th>y_pred</th>\n",
       "      <td>0.000000</td>\n",
       "      <td>1.000000</td>\n",
       "      <td>2.00000</td>\n",
       "    </tr>\n",
       "    <tr>\n",
       "      <th>mahalanobis_distance</th>\n",
       "      <td>1.906161</td>\n",
       "      <td>1.886492</td>\n",
       "      <td>3.31557</td>\n",
       "    </tr>\n",
       "  </tbody>\n",
       "</table>\n",
       "</div>"
      ],
      "text/plain": [
       "                      test_sample_1  test_sample_2  test_sample_3\n",
       "y_test                     0.000000       1.000000        2.00000\n",
       "y_pred                     0.000000       1.000000        2.00000\n",
       "mahalanobis_distance       1.906161       1.886492        3.31557"
      ]
     },
     "metadata": {},
     "output_type": "display_data"
    }
   ],
   "source": [
    "mat =[]\n",
    "# because y_test will be like [0 1 2] we want to convert like [0,1,2]\n",
    "new_ytest = [y_test[0],y_test[1],y_test[2]]\n",
    "\n",
    "mat.append(new_ytest)\n",
    "mat.append(y_pred)\n",
    "mat.append(maha)\n",
    "\n",
    "# Define column names\n",
    "column_names = ['test_sample_1', 'test_sample_2', 'test_sample_3']\n",
    "\n",
    "# Define column names\n",
    "row_names = ['y_test', 'y_pred', 'mahalanobis_distance']\n",
    "\n",
    "# Create a DataFrame from the matrix\n",
    "df1 = pd.DataFrame(mat, columns=column_names,index = row_names)\n",
    "\n",
    "# Print the DataFrame(df)\n",
    "display(df1)\n"
   ]
  },
  {
   "cell_type": "markdown",
   "metadata": {},
   "source": [
    "## accuracy of your classifier on the testing set and report the results."
   ]
  },
  {
   "cell_type": "code",
   "execution_count": 30,
   "metadata": {},
   "outputs": [
    {
     "name": "stdout",
     "output_type": "stream",
     "text": [
      "[[1 0 0]\n",
      " [0 1 0]\n",
      " [0 0 1]]\n",
      "percent accuracy score :  100.0\n"
     ]
    }
   ],
   "source": [
    "from sklearn.metrics import confusion_matrix, accuracy_score\n",
    "cm = confusion_matrix(y_test,y_pred)\n",
    "print(cm)\n",
    "print(\"percent accuracy score : \",accuracy_score(y_test, y_pred)*100)"
   ]
  }
 ],
 "metadata": {
  "kernelspec": {
   "display_name": "Python 3",
   "language": "python",
   "name": "python3"
  },
  "language_info": {
   "codemirror_mode": {
    "name": "ipython",
    "version": 3
   },
   "file_extension": ".py",
   "mimetype": "text/x-python",
   "name": "python",
   "nbconvert_exporter": "python",
   "pygments_lexer": "ipython3",
   "version": "3.10.11"
  },
  "orig_nbformat": 4
 },
 "nbformat": 4,
 "nbformat_minor": 2
}
